  290.000  0.000000e+00  0.000000e+00  0.000000e+00  0.000000e+00  0.000000e+00  0.000000e+00 
  291.000  1.046525e-11  4.800522e-06  1.674293e-07  2.374268e-12  5.342789e-07  2.664721e-08 
  292.000  5.888301e-10  2.813865e-05  9.814191e-07  1.335889e-10  3.162809e-06  1.561977e-07 
  293.000  4.383297e-09  5.764524e-05  2.010660e-06  9.944459e-10  6.522616e-06  3.200065e-07 
  294.000  8.932025e-08  2.258902e-04  7.881541e-06  2.026423e-08  2.585175e-05  1.254386e-06 
  295.000  5.381289e-07  4.774864e-04  1.667218e-05  1.220862e-07  5.518598e-05  2.653460e-06 
  296.000  7.814017e-06  2.044401e-03  7.157561e-05  1.772779e-06  2.409867e-04  1.139161e-05 
  297.000  2.001813e-05  2.470691e-03  8.686909e-05  4.541546e-06  2.970679e-04  1.382565e-05 
  298.000  2.233861e-04  1.214338e-02  4.313189e-04  5.067998e-05  1.513053e-03  6.864652e-05 
  299.000  6.538137e-04  2.363460e-02  8.471129e-04  1.483318e-04  3.019259e-03  1.348222e-04 
  300.000  2.077001e-03  4.903823e-02  1.782758e-03  4.712127e-04  6.487199e-03  2.837348e-04 
  301.000  9.136222e-03  1.623690e-01  5.981628e-03  2.072750e-03  2.208606e-02  9.520057e-04 
  302.000  1.447361e-02  2.143779e-01  7.981710e-03  3.283651e-03  2.974514e-02  1.270329e-03 
  303.000  5.888266e-02  7.256503e-01  2.736235e-02  1.335881e-02  1.030070e-01  4.354853e-03 
  304.000  8.376972e-02  9.421439e-01  3.578104e-02  1.900497e-02  1.351481e-01  5.694729e-03 
  305.000  2.172659e-01  2.175301e+00  8.344612e-02  4.929149e-02  3.171325e-01  1.328086e-02 
  306.000  2.951128e-01  2.747761e+00  1.061270e-01  6.695272e-02  4.043689e-01  1.689064e-02 
  307.000  5.488504e-01  4.762148e+00  1.852330e-01  1.245186e-01  7.075385e-01  2.948075e-02 
  308.000  8.417439e-01  6.900584e+00  2.700311e-01  1.909679e-01  1.033207e+00  4.297678e-02 
  309.000  1.036088e+00  8.079566e+00  3.179289e-01  2.350589e-01  1.216804e+00  5.059996e-02 
  310.000  1.443839e+00  1.067487e+01  4.226673e-01  3.275662e-01  1.622253e+00  6.726959e-02 
  311.000  3.106286e+00  2.202115e+01  8.763756e-01  7.047282e-01  3.362552e+00  1.394795e-01 
  312.000  3.043337e+00  2.070383e+01  8.282357e-01  6.904468e-01  3.179785e+00  1.318178e-01 
  313.000  4.383107e+00  2.869372e+01  1.153629e+00  9.944026e-01  4.430357e+00  1.836057e-01 
  314.000  4.814595e+00  3.037403e+01  1.227282e+00  1.092295e+00  4.706025e+00  1.953281e-01 
  315.000  6.582494e+00  4.011980e+01  1.628847e+00  1.493381e+00  6.251594e+00  2.592391e-01 
  316.000  5.482310e+00  3.226213e+01  1.316422e+00  1.243781e+00  5.044711e+00  2.095151e-01 
  317.000  8.605161e+00  4.897841e+01  2.008356e+00  1.952267e+00  7.688875e+00  3.196398e-01 
  318.000  8.968585e+00  4.938156e+01  2.035092e+00  2.034718e+00  7.781252e+00  3.238950e-01 
  319.000  1.133109e+01  6.072839e+01  2.513236e+00  2.570703e+00  9.616478e+00  3.999940e-01 
  320.000  1.060903e+01  5.457204e+01  2.273336e+00  2.406888e+00  8.649999e+00  3.618127e-01 
  321.000  1.526669e+01  7.691380e+01  3.215001e+00  3.463578e+00  1.226433e+01  5.116833e-01 
  322.000  1.326392e+01  6.419294e+01  2.701482e+00  3.009208e+00  1.025465e+01  4.299542e-01 
  323.000  1.262896e+01  5.952191e+01  2.516424e+00  2.865154e+00  9.544112e+00  4.005013e-01 
  324.000  1.727592e+01  7.938599e+01  3.371301e+00  3.919417e+00  1.278773e+01  5.365592e-01 
  325.000  1.895786e+01  8.376453e+01  3.582674e+00  4.301000e+00  1.351327e+01  5.702003e-01 
  326.000  2.857268e+01  1.234007e+02  5.300412e+00  6.482331e+00  1.999315e+01  8.435867e-01 
  327.000  3.021259e+01  1.266854e+02  5.472168e+00  6.854380e+00  2.060024e+01  8.709226e-01 
  328.000  2.476793e+01  9.997881e+01  4.350823e+00  5.619142e+00  1.628353e+01  6.924550e-01 
  329.000  3.222600e+01  1.275259e+02  5.571706e+00  7.311167e+00  2.086311e+01  8.867645e-01 
  330.000  3.506354e+01  1.347323e+02  5.922010e+00  7.954923e+00  2.211797e+01  9.425173e-01 
  331.000  2.863268e+01  1.062627e+02  4.704777e+00  6.495942e+00  1.748282e+01  7.487886e-01 
  332.000  3.356050e+01  1.216797e+02  5.414352e+00  7.613927e+00  2.009422e+01  8.617209e-01 
  333.000  3.942986e+01  1.389962e+02  6.223008e+00  8.945518e+00  2.302948e+01  9.904225e-01 
  334.000  3.352202e+01  1.144852e+02  5.162084e+00  7.605196e+00  1.901478e+01  8.215712e-01 
  335.000  3.799218e+01  1.266466e+02  5.742145e+00  8.619349e+00  2.111029e+01  9.138908e-01 
  336.000  2.958239e+01  9.597747e+01  4.379182e+00  6.711405e+00  1.605058e+01  6.969684e-01 
  337.000  2.885076e+01  9.085196e+01  4.174901e+00  6.545419e+00  1.523561e+01  6.644562e-01 
  338.000  3.647402e+01  1.119012e+02  5.174919e+00  8.274921e+00  1.882503e+01  8.236140e-01 
  339.000  3.805782e+01  1.137977e+02  5.296302e+00  8.634241e+00  1.920731e+01  8.429326e-01 
  340.000  4.372598e+01  1.270925e+02  5.957678e+00  9.920186e+00  2.151299e+01  9.481940e-01 
  341.000  3.818428e+01  1.082233e+02  5.106294e+00  8.662930e+00  1.837433e+01  8.126918e-01 
  342.000  4.128247e+01  1.140521e+02  5.417641e+00  9.365821e+00  1.942192e+01  8.622442e-01 
  343.000  4.253680e+01  1.144855e+02  5.476504e+00  9.650394e+00  1.955237e+01  8.716127e-01 
  344.000  3.932692e+01  1.030775e+02  4.966673e+00  8.922164e+00  1.765801e+01  7.904707e-01 
  345.000  5.227042e+01  1.337432e+02  6.487644e+00  1.185868e+01  2.299798e+01  1.032541e+00 
  346.000  5.964436e+01  1.488934e+02  7.273224e+00  1.353162e+01  2.569179e+01  1.157570e+00 
  347.000  5.825822e+01  1.418906e+02  6.980640e+00  1.321714e+01  2.456453e+01  1.111003e+00 
  348.000  5.626738e+01  1.337286e+02  6.626535e+00  1.276547e+01  2.322615e+01  1.054646e+00 
  349.000  6.328584e+01  1.468294e+02  7.328239e+00  1.435776e+01  2.558263e+01  1.166326e+00 
  350.000  6.628106e+01  1.501308e+02  7.547848e+00  1.503729e+01  2.624007e+01  1.201277e+00 
  351.000  6.445892e+01  1.425757e+02  7.220796e+00  1.462390e+01  2.499800e+01  1.149225e+00 
  352.000  6.757364e+01  1.459660e+02  7.447674e+00  1.533054e+01  2.567147e+01  1.185334e+00 
  353.000  6.314030e+01  1.332733e+02  6.850364e+00  1.432475e+01  2.351233e+01  1.090269e+00 
  354.000  7.457572e+01  1.538242e+02  7.965960e+00  1.691912e+01  2.722126e+01  1.267822e+00 
  355.000  7.725591e+01  1.557452e+02  8.126438e+00  1.752717e+01  2.764118e+01  1.293363e+00 
  356.000  7.462222e+01  1.470583e+02  7.731607e+00  1.692967e+01  2.617122e+01  1.230523e+00 
  357.000  4.866751e+01  9.376515e+01  4.967659e+00  1.104128e+01  1.672701e+01  7.906274e-01 
  358.000  5.394773e+01  1.016413e+02  5.426515e+00  1.223921e+01  1.817331e+01  8.636568e-01 
  359.000  5.536599e+01  1.020316e+02  5.489595e+00  1.256097e+01  1.828757e+01  8.736963e-01 
  360.000  8.383273e+01  1.511559e+02  8.195758e+00  1.901927e+01  2.717297e+01  1.304395e+00 
  361.000  6.801782e+01  1.200591e+02  6.559604e+00  1.543132e+01  2.167460e+01  1.043993e+00 
  362.000  7.639880e+01  1.320549e+02  7.270289e+00  1.733272e+01  2.395182e+01  1.157102e+00 
  363.000  8.308096e+01  1.406346e+02  7.802584e+00  1.884871e+01  2.561287e+01  1.241820e+00 
  364.000  8.466753e+01  1.403649e+02  7.848509e+00  1.920866e+01  2.565621e+01  1.249129e+00 
  365.000  8.087692e+01  1.313306e+02  7.401213e+00  1.834868e+01  2.408634e+01  1.177940e+00 
  366.000  1.132127e+02  1.801031e+02  1.023005e+01  2.568475e+01  3.314054e+01  1.628163e+00 
  367.000  1.032571e+02  1.609500e+02  9.214815e+00  2.342611e+01  2.971156e+01  1.466583e+00 
  368.000  9.922417e+01  1.515689e+02  8.746972e+00  2.251115e+01  2.806960e+01  1.392124e+00 
  369.000  9.722665e+01  1.455711e+02  8.468117e+00  2.205797e+01  2.704516e+01  1.347743e+00 
  370.000  1.138772e+02  1.671464e+02  9.801327e+00  2.583550e+01  3.115240e+01  1.559930e+00 
  371.000  9.259626e+01  1.332594e+02  7.877223e+00  2.100747e+01  2.491559e+01  1.253699e+00 
  372.000  9.920657e+01  1.400107e+02  8.343238e+00  2.250716e+01  2.626097e+01  1.327868e+00 
  373.000  1.005905e+02  1.392402e+02  8.364634e+00  2.282113e+01  2.619916e+01  1.331273e+00 
  374.000  7.922478e+01  1.075771e+02  6.515134e+00  1.797386e+01  2.030449e+01  1.036916e+00 
  375.000  7.376235e+01  9.826632e+01  5.999886e+00  1.673458e+01  1.860351e+01  9.549115e-01 
  376.000  1.071815e+02  1.401037e+02  8.624626e+00  2.431644e+01  2.660044e+01  1.372652e+00 
  377.000  1.112979e+02  1.427611e+02  8.860877e+00  2.525034e+01  2.717562e+01  1.410252e+00 
  378.000  1.459284e+02  1.836873e+02  1.149608e+01  3.310701e+01  3.504521e+01  1.829659e+00 
  379.000  1.138707e+02  1.406850e+02  8.878201e+00  2.583403e+01  2.690475e+01  1.413010e+00 
  380.000  1.081748e+02  1.312167e+02  8.349315e+00  2.454178e+01  2.516756e+01  1.328835e+00 
  381.000  1.232999e+02  1.468988e+02  9.423785e+00  2.797325e+01  2.828126e+01  1.499842e+00 
  382.000  9.355339e+01  1.094980e+02  7.081872e+00  2.122461e+01  2.116591e+01  1.127115e+00 
  383.000  6.613763e+01  7.605175e+01  4.959174e+00  1.500475e+01  1.475540e+01  7.892770e-01 
  384.000  7.374718e+01  8.331918e+01  5.478042e+00  1.673115e+01  1.622085e+01  8.718574e-01 
  385.000  1.123536e+02  1.247274e+02  8.268734e+00  2.548985e+01  2.436121e+01  1.316010e+00 
  386.000  8.824094e+01  9.626418e+01  6.435030e+00  2.001937e+01  1.886086e+01  1.024167e+00 
  387.000  1.024293e+02  1.098219e+02  7.402737e+00  2.323830e+01  2.158350e+01  1.178182e+00 
  388.000  1.025516e+02  1.080762e+02  7.346120e+00  2.326606e+01  2.130513e+01  1.169171e+00 
  389.000  1.180606e+02  1.223123e+02  8.383547e+00  2.678461e+01  2.418473e+01  1.334283e+00 
  390.000  1.445738e+02  1.472606e+02  1.017838e+01  3.279970e+01  2.920592e+01  1.619939e+00 
  391.000  1.633082e+02  1.635642e+02  1.140041e+01  3.705001e+01  3.253698e+01  1.814432e+00 
  392.000  1.465094e+02  1.443053e+02  1.014281e+01  3.323883e+01  2.879209e+01  1.614279e+00 
  393.000  7.927559e+01  7.679701e+01  5.443382e+00  1.798538e+01  1.536856e+01  8.663412e-01 
  394.000  8.852524e+01  8.435486e+01  6.029581e+00  2.008387e+01  1.693128e+01  9.596376e-01 
  395.000  1.499265e+02  1.405427e+02  1.013077e+01  3.401408e+01  2.829240e+01  1.612362e+00 
  396.000  1.556683e+02  1.435713e+02  1.043665e+01  3.531673e+01  2.898748e+01  1.661045e+00 
  397.000  6.389915e+01  5.798907e+01  4.251125e+00  1.449691e+01  1.174243e+01  6.765876e-01 
  398.000  1.802835e+02  1.610046e+02  1.190319e+01  4.090122e+01  3.269733e+01  1.894451e+00 
  399.000  2.179529e+02  1.915679e+02  1.428296e+01  4.944734e+01  3.901702e+01  2.273204e+00 
  400.000  2.158563e+02  1.867436e+02  1.404158e+01  4.897168e+01  3.814314e+01  2.234786e+00 
  401.000  2.160998e+02  1.840369e+02  1.395567e+01  4.902693e+01  3.769820e+01  2.221113e+00 
  402.000  2.306488e+02  1.933824e+02  1.478904e+01  5.232769e+01  3.972583e+01  2.353749e+00 
  403.000  2.175324e+02  1.795763e+02  1.385006e+01  4.935194e+01  3.699473e+01  2.204305e+00 
  404.000  2.353670e+02  1.913259e+02  1.488187e+01  5.339809e+01  3.952692e+01  2.368523e+00 
  405.000  2.172976e+02  1.739513e+02  1.364569e+01  4.929867e+01  3.603831e+01  2.171778e+00 
  406.000  2.170881e+02  1.711580e+02  1.354095e+01  4.925113e+01  3.555902e+01  2.155109e+00 
  407.000  2.128121e+02  1.652679e+02  1.318639e+01  4.828103e+01  3.443127e+01  2.098679e+00 
  408.000  2.320313e+02  1.775052e+02  1.428350e+01  5.264132e+01  3.708354e+01  2.273290e+00 
  409.000  2.584524e+02  1.947858e+02  1.580770e+01  5.863552e+01  4.080605e+01  2.515873e+00 
  410.000  2.174191e+02  1.614456e+02  1.321376e+01  4.932623e+01  3.391430e+01  2.103034e+00 
  411.000  2.568696e+02  1.879455e+02  1.551393e+01  5.827644e+01  3.958854e+01  2.469118e+00 
  412.000  2.677507e+02  1.930537e+02  1.607159e+01  6.074504e+01  4.077427e+01  2.557873e+00 
  413.000  2.544234e+02  1.807897e+02  1.517904e+01  5.772147e+01  3.828706e+01  2.415819e+00 
  414.000  2.511162e+02  1.758682e+02  1.489204e+01  5.697114e+01  3.734377e+01  2.370142e+00 
  415.000  2.693664e+02  1.859531e+02  1.588029e+01  6.111159e+01  3.959060e+01  2.527426e+00 
  416.000  2.692372e+02  1.832216e+02  1.578052e+01  6.108228e+01  3.911186e+01  2.511547e+00 
  417.000  2.624923e+02  1.761063e+02  1.529711e+01  5.955206e+01  3.769133e+01  2.434611e+00 
  418.000  2.581749e+02  1.707747e+02  1.496058e+01  5.857256e+01  3.664540e+01  2.381050e+00 
  419.000  2.659194e+02  1.734383e+02  1.532359e+01  6.032958e+01  3.731293e+01  2.438825e+00 
  420.000  2.262657e+02  1.455238e+02  1.296700e+01  5.133328e+01  3.138774e+01  2.063761e+00 
  421.000  2.849637e+02  1.807431e+02  1.624257e+01  6.465019e+01  3.908393e+01  2.585086e+00 
  422.000  2.744598e+02  1.716895e+02  1.556046e+01  6.226716e+01  3.722111e+01  2.476524e+00 
  423.000  2.329769e+02  1.437491e+02  1.313916e+01  5.285585e+01  3.124324e+01  2.091163e+00 
  424.000  2.575464e+02  1.567502e+02  1.444952e+01  5.842997e+01  3.415524e+01  2.299713e+00 
  425.000  2.680445e+02  1.609341e+02  1.496159e+01  6.081171e+01  3.515417e+01  2.381212e+00 
  426.000  2.589096e+02  1.533592e+02  1.437880e+01  5.873925e+01  3.358227e+01  2.288457e+00 
  427.000  2.502296e+02  1.462355e+02  1.382761e+01  5.677000e+01  3.210099e+01  2.200732e+00 
  428.000  2.545669e+02  1.467912e+02  1.399826e+01  5.775401e+01  3.230164e+01  2.227893e+00 
  429.000  2.326665e+02  1.323873e+02  1.273207e+01  5.278544e+01  2.920277e+01  2.026372e+00 
  430.000  1.865072e+02  1.047255e+02  1.015739e+01  4.231320e+01  2.315643e+01  1.616599e+00 
  431.000  1.684397e+02  9.334190e+01  9.130219e+00  3.821419e+01  2.068874e+01  1.453120e+00 
  432.000  3.045362e+02  1.665621e+02  1.643061e+01  6.909063e+01  3.700520e+01  2.615013e+00 
  433.000  2.722658e+02  1.469824e+02  1.462222e+01  6.176940e+01  3.273209e+01  2.327199e+00 
  434.000  2.598948e+02  1.384951e+02  1.389474e+01  5.896277e+01  3.091430e+01  2.211417e+00 
  435.000  2.839648e+02  1.493807e+02  1.511390e+01  6.442356e+01  3.342171e+01  2.405452e+00 
  436.000  3.161976e+02  1.642138e+02  1.675542e+01  7.173626e+01  3.682502e+01  2.666708e+00 
  437.000  3.205713e+02  1.643707e+02  1.691344e+01  7.272853e+01  3.694429e+01  2.691857e+00 
  438.000  2.883370e+02  1.459740e+02  1.514757e+01  6.541550e+01  3.288351e+01  2.410811e+00 
  439.000  2.801435e+02  1.400424e+02  1.465492e+01  6.355661e+01  3.161821e+01  2.332404e+00 
  440.000  3.152277e+02  1.556076e+02  1.642144e+01  7.151624e+01  3.520996e+01  2.613553e+00 
  441.000  3.154301e+02  1.537667e+02  1.636429e+01  7.156216e+01  3.486918e+01  2.604458e+00 
  442.000  3.334820e+02  1.605489e+02  1.723043e+01  7.565761e+01  3.648504e+01  2.742309e+00 
  443.000  3.369728e+02  1.602244e+02  1.734087e+01  7.644958e+01  3.648783e+01  2.759885e+00 
  444.000  3.360179e+02  1.578040e+02  1.722315e+01  7.623295e+01  3.601073e+01  2.741149e+00 
  445.000  3.547230e+02  1.645454e+02  1.811065e+01  8.047659e+01  3.762445e+01  2.882400e+00 
  446.000  3.168546e+02  1.451824e+02  1.611458e+01  7.188532e+01  3.326099e+01  2.564715e+00 
  447.000  3.626889e+02  1.641700e+02  1.837539e+01  8.228382e+01  3.768853e+01  2.924534e+00 
  448.000  3.701572e+02  1.655444e+02  1.868379e+01  8.397818e+01  3.809119e+01  2.973618e+00 
  449.000  3.741365e+02  1.653345e+02  1.881526e+01  8.488096e+01  3.813249e+01  2.994542e+00 
  450.000  3.837553e+02  1.675758e+02  1.922891e+01  8.706320e+01  3.873831e+01  3.060376e+00 
  451.000  4.162554e+02  1.796192e+02  2.078246e+01  9.443654e+01  4.161417e+01  3.307631e+00 
  452.000  3.883329e+02  1.655949e+02  1.931948e+01  8.810173e+01  3.844693e+01  3.074790e+00 
  453.000  3.617247e+02  1.524364e+02  1.793252e+01  8.206509e+01  3.546550e+01  2.854050e+00 
  454.000  3.869574e+02  1.611610e+02  1.911686e+01  8.778966e+01  3.757167e+01  3.042542e+00 
  455.000  3.909389e+02  1.609203e+02  1.924733e+01  8.869296e+01  3.759096e+01  3.063308e+00 
  456.000  4.016606e+02  1.634104e+02  1.970812e+01  9.112540e+01  3.824726e+01  3.136645e+00 
  457.000  4.051689e+02  1.629306e+02  1.981375e+01  9.192134e+01  3.821007e+01  3.153455e+00 
  458.000  3.992646e+02  1.587063e+02  1.946049e+01  9.058181e+01  3.729183e+01  3.097233e+00 
  459.000  4.004114e+02  1.573346e+02  1.945264e+01  9.084200e+01  3.703976e+01  3.095984e+00 
  460.000  3.981039e+02  1.546399e+02  1.927818e+01  9.031850e+01  3.647428e+01  3.068218e+00 
  461.000  4.137462e+02  1.588870e+02  1.997187e+01  9.386729e+01  3.754635e+01  3.178621e+00 
  462.000  4.081746e+02  1.549698e+02  1.964093e+01  9.260324e+01  3.668803e+01  3.125950e+00 
  463.000  4.094311e+02  1.536910e+02  1.964015e+01  9.288831e+01  3.645116e+01  3.125827e+00 
  464.000  4.120575e+02  1.529442e+02  1.970570e+01  9.348417e+01  3.634062e+01  3.136260e+00 
  465.000  4.072761e+02  1.494818e+02  1.941818e+01  9.239939e+01  3.558178e+01  3.090499e+00 
  466.000  4.214217e+02  1.529522e+02  2.003258e+01  9.560864e+01  3.647161e+01  3.188284e+00 
  467.000  4.077114e+02  1.463335e+02  1.932356e+01  9.249816e+01  3.495222e+01  3.075440e+00 
  468.000  4.326917e+02  1.535742e+02  2.044734e+01  9.816547e+01  3.673941e+01  3.254295e+00 
  469.000  4.298340e+02  1.508632e+02  2.025312e+01  9.751715e+01  3.614180e+01  3.223384e+00 
  470.000  4.247451e+02  1.474174e+02  1.995545e+01  9.636263e+01  3.536007e+01  3.176009e+00 
  471.000  4.247039e+02  1.457591e+02  1.989618e+01  9.635328e+01  3.499865e+01  3.166575e+00 
  472.000  4.305217e+02  1.461066e+02  2.011121e+01  9.767318e+01  3.511311e+01  3.200798e+00 
  473.000  4.263048e+02  1.430568e+02  1.985776e+01  9.671648e+01  3.440393e+01  3.160461e+00 
  474.000  4.301026e+02  1.427140e+02  1.997826e+01  9.757808e+01  3.433859e+01  3.179639e+00 
  475.000  4.475101e+02  1.467990e+02  2.072786e+01  1.015274e+02  3.531501e+01  3.298942e+00 
  476.000  4.334257e+02  1.405343e+02  2.001814e+01  9.833201e+01  3.377840e+01  3.185987e+00 
  477.000  4.293763e+02  1.376454e+02  1.977615e+01  9.741329e+01  3.307430e+01  3.147473e+00 
  478.000  4.518886e+02  1.433614e+02  2.076068e+01  1.025207e+02  3.453210e+01  3.304165e+00 
  479.000  4.332699e+02  1.361031e+02  1.985816e+01  9.829666e+01  3.291075e+01  3.160524e+00 
  480.000  4.438916e+02  1.380931e+02  2.029803e+01  1.007064e+02  3.353281e+01  3.230531e+00 
  481.000  4.430156e+02  1.364728e+02  2.021096e+01  1.005077e+02  3.326145e+01  3.216674e+00 
  482.000  4.539423e+02  1.384538e+02  2.066114e+01  1.029866e+02  3.385044e+01  3.288323e+00 
  483.000  4.558422e+02  1.376397e+02  2.069901e+01  1.034177e+02  3.374113e+01  3.294350e+00 
  484.000  4.394720e+02  1.313517e+02  1.990876e+01  9.970373e+01  3.227111e+01  3.168577e+00 
  485.000  4.437451e+02  1.312767e+02  2.005518e+01  1.006732e+02  3.231499e+01  3.191880e+00 
  486.000  3.606170e+02  1.055966e+02  1.626025e+01  8.181378e+01  2.603983e+01  2.587899e+00 
  487.000  4.062500e+02  1.177478e+02  1.827560e+01  9.216661e+01  2.908490e+01  2.908652e+00 
  488.000  4.420776e+02  1.268292e+02  1.984190e+01  1.002949e+02  3.137806e+01  3.157937e+00 
  489.000  4.118383e+02  1.169556e+02  1.844287e+01  9.343443e+01  2.898025e+01  2.935275e+00 
  490.000  4.698566e+02  1.320833e+02  2.099400e+01  1.065971e+02  3.277886e+01  3.341300e+00 
  491.000  4.405057e+02  1.225817e+02  1.963894e+01  9.993826e+01  3.046598e+01  3.125634e+00 
  492.000  4.240777e+02  1.168209e+02  1.886505e+01  9.621120e+01  2.907600e+01  3.002466e+00 
  493.000  4.575555e+02  1.247779e+02  2.031019e+01  1.038064e+02  3.110112e+01  3.232467e+00 
  494.000  4.427944e+02  1.195433e+02  1.961279e+01  1.004575e+02  2.983790e+01  3.121472e+00 
  495.000  4.741721e+02  1.267381e+02  2.095809e+01  1.075762e+02  3.167805e+01  3.335584e+00 
  496.000  4.624521e+02  1.223733e+02  2.039710e+01  1.049173e+02  3.062870e+01  3.246299e+00 
  497.000  4.492247e+02  1.176931e+02  1.977253e+01  1.019164e+02  2.949781e+01  3.146896e+00 
  498.000  4.392141e+02  1.155220e+02  3.283241e+01  9.964525e+01  2.898603e+01  5.225440e+00 
  499.000  4.387343e+02  1.142585e+02  3.272923e+01  9.953638e+01  2.870686e+01  5.209018e+00 
  500.000  4.373751e+02  1.127860e+02  3.256163e+01  9.922800e+01  2.837410e+01  5.182344e+00 
  501.000  4.281024e+02  1.093133e+02  3.180728e+01  9.712430e+01  2.753539e+01  5.062286e+00 
  502.000  4.258269e+02  1.076713e+02  3.157543e+01  9.660806e+01  2.715639e+01  5.025385e+00 
  503.000  4.517688e+02  1.131203e+02  3.343332e+01  1.024935e+02  2.856700e+01  5.321077e+00 
  504.000  4.208287e+02  1.043515e+02  3.108312e+01  9.547410e+01  2.638531e+01  4.947032e+00 
  505.000  4.544278e+02  1.115933e+02  3.350032e+01  1.030968e+02  2.825049e+01  5.331740e+00 
  506.000  4.872815e+02  1.185159e+02  3.585450e+01  1.105504e+02  3.004160e+01  5.706421e+00 
  507.000  4.541305e+02  1.094000e+02  3.335291e+01  1.030293e+02  2.776657e+01  5.308280e+00 
  508.000  4.362360e+02  1.040914e+02  3.197961e+01  9.896958e+01  2.645332e+01  5.089714e+00 
  509.000  4.711756e+02  1.113642e+02  3.447799e+01  1.068964e+02  2.833772e+01  5.487342e+00 
  510.000  4.572639e+02  1.070555e+02  3.339960e+01  1.037402e+02  2.727512e+01  5.315711e+00 
  511.000  4.580728e+02  1.062343e+02  3.339887e+01  1.039237e+02  2.709883e+01  5.315596e+00 
  512.000  4.814640e+02  1.106103e+02  3.504229e+01  1.092305e+02  2.824915e+01  5.577154e+00 
  513.000  4.412774e+02  1.004292e+02  3.206124e+01  1.001133e+02  2.567982e+01  5.102705e+00 
  514.000  4.326237e+02  9.754101e+01  3.137813e+01  9.815005e+01  2.497099e+01  4.993985e+00 
  515.000  4.422773e+02  9.879022e+01  3.202343e+01  1.003402e+02  2.532069e+01  5.096686e+00 
  516.000  4.651160e+02  1.029261e+02  3.361993e+01  1.055216e+02  2.641076e+01  5.350778e+00 
  517.000  3.429481e+02  7.518639e+01  2.474755e+01  7.780520e+01  1.931367e+01  3.938695e+00 
  518.000  4.249878e+02  9.230937e+01  3.061656e+01  9.641769e+01  2.373746e+01  4.872777e+00 
  519.000  4.030084e+02  8.672710e+01  2.898530e+01  9.143118e+01  2.232553e+01  4.613154e+00 
  520.000  4.441078e+02  9.469225e+01  3.188922e+01  1.007555e+02  2.440163e+01  5.075326e+00 
  521.000  4.447321e+02  9.395404e+01  3.188248e+01  1.008971e+02  2.423569e+01  5.074255e+00 
  522.000  4.627164e+02  9.685520e+01  3.311860e+01  1.049772e+02  2.500722e+01  5.270988e+00 
  523.000  4.313040e+02  8.944894e+01  3.082109e+01  9.785067e+01  2.311351e+01  4.905329e+00 
  524.000  4.682304e+02  9.621694e+01  3.340717e+01  1.062282e+02  2.488264e+01  5.316916e+00 
  525.000  4.647326e+02  9.462312e+01  3.310582e+01  1.054346e+02  2.448873e+01  5.268955e+00 
  526.000  4.431772e+02  8.941430e+01  3.152176e+01  1.005443e+02  2.316054e+01  5.016844e+00 
  527.000  3.873191e+02  7.743375e+01  2.750669e+01  8.787173e+01  2.007273e+01  4.377826e+00 
  528.000  4.653596e+02  9.219151e+01  3.299902e+01  1.055769e+02  2.391618e+01  5.251956e+00 
  529.000  4.787636e+02  9.398907e+01  3.389872e+01  1.086179e+02  2.440068e+01  5.395150e+00 
  530.000  4.525779e+02  8.804813e+01  3.199729e+01  1.026771e+02  2.287579e+01  5.092527e+00 
  531.000  4.928396e+02  9.502073e+01  3.479288e+01  1.118113e+02  2.470647e+01  5.537459e+00 
  532.000  4.704185e+02  8.989005e+01  3.316221e+01  1.067246e+02  2.339256e+01  5.277930e+00 
  533.000  4.135614e+02  7.832939e+01  2.911287e+01  9.382536e+01  2.040448e+01  4.633456e+00 
  534.000  4.502456e+02  8.453706e+01  3.165145e+01  1.021480e+02  2.204910e+01  5.037485e+00 
  535.000  4.599867e+02  8.562398e+01  3.229231e+01  1.043579e+02  2.236401e+01  5.139481e+00 
  536.000  4.887172e+02  9.019163e+01  3.426308e+01  1.108761e+02  2.358923e+01  5.453139e+00 
  537.000  4.539442e+02  8.305471e+01  3.178262e+01  1.029871e+02  2.175000e+01  5.058361e+00 
  538.000  4.756890e+02  8.628410e+01  3.326073e+01  1.079203e+02  2.262158e+01  5.293610e+00 
  539.000  4.745916e+02  8.534441e+01  3.314017e+01  1.076714e+02  2.239941e+01  5.274422e+00 
  540.000  4.648888e+02  8.288081e+01  3.242009e+01  1.054701e+02  2.177510e+01  5.159817e+00 
  541.000  4.266895e+02  7.541800e+01  2.971755e+01  9.680375e+01  1.983425e+01  4.729695e+00 
  542.000  4.763988e+02  8.348300e+01  3.313696e+01  1.080814e+02  2.197647e+01  5.273911e+00 
  543.000  4.560928e+02  7.924145e+01  3.168410e+01  1.034745e+02  2.087950e+01  5.042680e+00 
  544.000  4.814427e+02  8.293131e+01  3.340283e+01  1.092257e+02  2.187128e+01  5.316226e+00 
  545.000  4.746178e+02  8.105870e+01  3.288806e+01  1.076773e+02  2.139605e+01  5.234298e+00 
  546.000  4.643938e+02  7.863801e+01  3.213968e+01  1.053578e+02  2.077478e+01  5.115189e+00 
  547.000  4.844760e+02  8.134353e+01  3.348838e+01  1.099139e+02  2.150817e+01  5.329842e+00 
  548.000  4.498381e+02  7.488933e+01  3.105633e+01  1.020555e+02  1.981838e+01  4.942768e+00 
  549.000  4.737570e+02  7.820655e+01  3.266831e+01  1.074820e+02  2.071368e+01  5.199323e+00 
  550.000  4.636971e+02  7.590157e+01  3.193648e+01  1.051997e+02  2.011955e+01  5.082850e+00 
  551.000  4.611486e+02  7.484904e+01  3.172336e+01  1.046216e+02  1.985550e+01  5.048929e+00 
  552.000  4.814049e+02  7.748143e+01  3.307804e+01  1.092171e+02  2.056948e+01  5.264534e+00 
  553.000  4.628879e+02  7.387689e+01  3.176876e+01  1.050161e+02  1.962666e+01  5.056155e+00 
  554.000  4.783579e+02  7.570757e+01  3.279271e+01  1.085258e+02  2.012707e+01  5.219122e+00 
  555.000  4.800485e+02  7.534151e+01  3.287111e+01  1.089094e+02  2.004353e+01  5.231599e+00 
  556.000  4.671332e+02  7.270423e+01  3.195062e+01  1.059793e+02  1.935479e+01  5.085098e+00 
  557.000  4.535322e+02  6.999965e+01  3.098556e+01  1.028936e+02  1.864595e+01  4.931505e+00 
  558.000  4.710187e+02  7.209438e+01  3.214449e+01  1.068608e+02  1.921495e+01  5.115955e+00 
  559.000  4.454407e+02  6.761345e+01  3.036543e+01  1.010579e+02  1.803031e+01  4.832808e+00 
  560.000  4.475753e+02  6.737275e+01  3.047752e+01  1.015421e+02  1.797407e+01  4.850648e+00 
  561.000  4.920504e+02  7.345123e+01  3.346957e+01  1.116323e+02  1.960273e+01  5.326848e+00 
  562.000  4.515476e+02  6.683252e+01  3.068065e+01  1.024434e+02  1.783266e+01  4.882978e+00 
  563.000  4.724651e+02  6.934481e+01  3.206736e+01  1.071889e+02  1.850588e+01  5.103679e+00 
  564.000  4.657561e+02  6.778602e+01  3.157803e+01  1.056669e+02  1.808896e+01  5.025799e+00 
  565.000  4.709983e+02  6.796393e+01  3.189882e+01  1.068562e+02  1.812746e+01  5.076854e+00 
  566.000  4.341286e+02  6.211874e+01  2.937071e+01  9.849149e+01  1.656669e+01  4.674494e+00 
  567.000  4.647947e+02  6.591224e+01  3.141022e+01  1.054487e+02  1.754774e+01  4.999092e+00 
  568.000  4.610262e+02  6.470675e+01  3.111583e+01  1.045938e+02  1.712788e+01  4.952239e+00 
  569.000  4.467386e+02  6.203848e+01  3.011229e+01  1.013523e+02  1.625486e+01  4.792520e+00 
  570.000  4.495488e+02  6.191696e+01  3.027142e+01  1.019899e+02  1.623794e+01  4.817847e+00 
  571.000  4.365133e+02  5.970646e+01  2.936908e+01  9.903250e+01  1.576023e+01  4.674234e+00 
  572.000  4.573390e+02  6.186142e+01  3.072921e+01  1.037573e+02  1.617972e+01  4.890705e+00 
  573.000  4.626751e+02  6.210441e+01  3.105940e+01  1.049679e+02  1.627182e+01  4.943258e+00 
  574.000  4.601859e+02  6.127386e+01  3.086292e+01  1.044031e+02  1.605968e+01  4.911986e+00 
  575.000  4.485405e+02  5.922198e+01  3.005224e+01  1.017611e+02  1.550768e+01  4.782962e+00 
  576.000  4.405176e+02  5.768906e+01  2.948667e+01  9.994096e+01  1.510244e+01  4.692950e+00 
  577.000  4.602441e+02  5.983707e+01  3.078133e+01  1.044163e+02  1.570645e+01  4.899001e+00 
  578.000  4.488776e+02  5.796558e+01  2.999783e+01  1.018376e+02  1.527584e+01  4.774303e+00 
  579.000  4.477223e+02  5.742897e+01  2.989769e+01  1.015755e+02  1.519283e+01  4.758366e+00 
  580.000  4.659715e+02  5.938074e+01  3.109330e+01  1.057157e+02  1.577491e+01  4.948652e+00 
  581.000  4.611586e+02  5.842160e+01  3.075168e+01  1.046238e+02  1.561054e+01  4.894282e+00 
  582.000  4.707483e+02  5.924812e+01  3.136817e+01  1.067994e+02  1.589321e+01  4.992399e+00 
  583.000  4.759814e+02  5.948682e+01  3.169202e+01  1.079867e+02  1.599610e+01  5.043942e+00 
  584.000  4.761891e+02  5.908956e+01  3.168080e+01  1.080338e+02  1.592247e+01  5.042157e+00 
  585.000  4.743288e+02  5.842548e+01  3.153139e+01  1.076117e+02  1.576485e+01  5.018377e+00 
  586.000  4.550639e+02  5.563789e+01  3.022620e+01  1.032411e+02  1.503089e+01  4.810650e+00 
  587.000  4.721017e+02  5.720463e+01  3.132733e+01  1.071065e+02  1.540314e+01  4.985899e+00 
  588.000  4.610180e+02  5.531202e+01  3.055932e+01  1.045919e+02  1.471643e+01  4.863666e+00 
  589.000  3.990904e+02  4.747524e+01  2.643027e+01  9.054230e+01  1.244315e+01  4.206508e+00 
  590.000  4.165620e+02  4.918275e+01  2.756540e+01  9.450611e+01  1.288886e+01  4.387168e+00 
  591.000  4.508244e+02  5.284546e+01  2.981002e+01  1.022793e+02  1.399712e+01  4.744412e+00 
  592.000  4.387068e+02  5.102956e+01  2.898536e+01  9.953015e+01  1.345170e+01  4.613163e+00 
  593.000  4.524423e+02  5.228226e+01  2.987244e+01  1.026463e+02  1.396175e+01  4.754346e+00 
  594.000  4.551200e+02  5.217811e+01  3.002476e+01  1.032538e+02  1.389924e+01  4.778588e+00 
  595.000  4.408176e+02  5.013451e+01  2.905731e+01  1.000090e+02  1.324880e+01  4.624614e+00 
  596.000  4.607614e+02  5.209689e+01  3.089587e+01  1.045337e+02  1.394883e+01  4.917231e+00 
  597.000  4.604230e+02  5.164925e+01  3.084852e+01  1.044569e+02  1.379627e+01  4.909694e+00 
  598.000  4.547107e+02  5.067226e+01  3.044554e+01  1.031610e+02  1.362239e+01  4.845559e+00 
  599.000  4.564590e+02  5.051556e+01  3.054142e+01  1.035576e+02  1.362435e+01  4.860818e+00 
  600.000  4.596278e+02  5.052454e+01  3.073286e+01  1.042765e+02  1.370409e+01  4.891287e+00 
  601.000  4.593165e+02  5.021317e+01  3.069534e+01  1.042059e+02  1.370175e+01  4.885316e+00 
  602.000  4.551216e+02  4.941956e+01  3.039483e+01  1.032542e+02  1.351708e+01  4.837487e+00 
  603.000  4.590974e+02  4.951916e+01  3.064034e+01  1.041562e+02  1.357696e+01  4.876561e+00 
  604.000  4.749613e+02  5.088343e+01  3.167820e+01  1.077552e+02  1.397851e+01  5.041743e+00 
  605.000  4.748910e+02  5.052192e+01  3.165219e+01  1.077393e+02  1.389953e+01  5.037603e+00 
  606.000  4.701632e+02  4.965855e+01  3.131537e+01  1.066667e+02  1.367221e+01  4.983995e+00 
  607.000  4.682660e+02  4.910151e+01  3.116752e+01  1.062363e+02  1.352808e+01  4.960464e+00 
  608.000  4.672694e+02  4.864328e+01  3.107988e+01  1.060102e+02  1.340996e+01  4.946517e+00 
  609.000  4.631444e+02  4.786518e+01  3.078450e+01  1.050743e+02  1.320245e+01  4.899506e+00 
  610.000  4.563914e+02  4.682676e+01  3.031512e+01  1.035423e+02  1.292265e+01  4.824802e+00 
  611.000  4.644881e+02  4.731347e+01  3.083221e+01  1.053792e+02  1.306302e+01  4.907099e+00 
  612.000  4.591008e+02  4.642725e+01  3.045428e+01  1.041570e+02  1.282380e+01  4.846949e+00 
  613.000  4.530131e+02  4.548079e+01  3.003052e+01  1.027758e+02  1.256701e+01  4.779506e+00 
  614.000  4.372258e+02  4.357866e+01  2.896487e+01  9.919415e+01  1.204525e+01  4.609902e+00 
  615.000  4.587604e+02  4.539545e+01  3.037161e+01  1.040797e+02  1.255139e+01  4.833792e+00 
  616.000  4.367210e+02  4.290277e+01  2.889374e+01  9.907961e+01  1.186520e+01  4.598581e+00 
  617.000  4.396671e+02  4.287965e+01  2.906983e+01  9.974800e+01  1.186070e+01  4.626607e+00 
  618.000  4.608093e+02  4.461515e+01  3.044804e+01  1.045446e+02  1.234137e+01  4.845956e+00 
  619.000  4.568870e+02  4.391219e+01  3.016940e+01  1.036547e+02  1.214571e+01  4.801609e+00 
  620.000  4.638924e+02  4.425903e+01  3.061232e+01  1.052440e+02  1.223939e+01  4.872102e+00 
  621.000  4.720403e+02  4.470477e+01  3.113002e+01  1.070926e+02  1.235852e+01  4.954497e+00 
  622.000  4.472059e+02  4.203919e+01  2.947335e+01  1.014583e+02  1.161598e+01  4.690830e+00 
  623.000  4.506227e+02  4.204324e+01  2.967943e+01  1.022335e+02  1.160846e+01  4.723629e+00 
  624.000  4.510509e+02  4.176956e+01  2.968874e+01  1.023307e+02  1.152478e+01  4.725110e+00 
  625.000  4.387173e+02  4.032401e+01  2.885865e+01  9.953251e+01  1.111712e+01  4.592997e+00 
  626.000  4.403280e+02  4.015387e+01  2.894544e+01  9.989794e+01  1.104852e+01  4.606809e+00 
  627.000  4.446471e+02  4.014673e+01  2.920520e+01  1.008778e+02  1.096206e+01  4.648152e+00 
  628.000  4.233329e+02  3.774750e+01  2.777664e+01  9.604224e+01  1.007631e+01  4.420790e+00 
  629.000  4.435826e+02  3.936443e+01  2.909394e+01  1.006363e+02  1.062801e+01  4.630444e+00 
  630.000  4.313953e+02  3.804990e+01  2.828055e+01  9.787135e+01  1.032092e+01  4.500990e+00 
  631.000  4.502443e+02  3.947153e+01  2.950171e+01  1.021477e+02  1.075227e+01  4.695343e+00 
  632.000  4.194672e+02  3.652311e+01  2.747000e+01  9.516522e+01  9.931483e+00  4.371987e+00 
  633.000  4.546618e+02  3.939380e+01  2.976315e+01  1.031499e+02  1.079750e+01  4.736952e+00 
  634.000  4.435533e+02  3.821859e+01  2.902315e+01  1.006297e+02  1.051746e+01  4.619178e+00 
  635.000  4.530897e+02  3.878790e+01  2.963194e+01  1.027932e+02  1.068847e+01  4.716070e+00 
  636.000  4.390428e+02  3.736333e+01  2.869990e+01  9.960637e+01  1.032556e+01  4.567731e+00 
  637.000  4.552676e+02  3.850687e+01  2.974621e+01  1.032873e+02  1.066535e+01  4.734257e+00 
  638.000  4.649175e+02  3.911606e+01  3.036425e+01  1.054766e+02  1.088326e+01  4.832620e+00 
  639.000  4.624471e+02  3.865982e+01  3.018794e+01  1.049161e+02  1.077158e+01  4.804559e+00 
  640.000  4.497214e+02  3.737586e+01  2.934396e+01  1.020290e+02  1.044292e+01  4.670237e+00 
  641.000  4.572220e+02  3.774944e+01  2.981832e+01  1.037307e+02  1.055618e+01  4.745734e+00 
  642.000  4.531033e+02  3.718105e+01  2.953596e+01  1.027963e+02  1.041842e+01  4.700794e+00 
  643.000  4.610345e+02  3.755021e+01  3.003599e+01  1.045957e+02  1.050602e+01  4.780377e+00 
  644.000  4.565083e+02  3.693539e+01  2.972628e+01  1.035688e+02  1.034053e+01  4.731085e+00 
  645.000  4.596921e+02  3.689410e+01  2.991560e+01  1.042911e+02  1.029600e+01  4.761215e+00 
  646.000  4.372269e+02  3.476815e+01  2.843417e+01  9.919441e+01  9.599605e+00  4.525439e+00 
  647.000  4.396366e+02  3.468813e+01  2.857451e+01  9.974108e+01  9.515140e+00  4.547775e+00 
  648.000  4.347686e+02  3.405627e+01  2.824319e+01  9.863666e+01  9.282907e+00  4.495042e+00 
  649.000  4.479988e+02  3.487774e+01  2.908970e+01  1.016382e+02  9.565392e+00  4.629769e+00 
  650.000  4.229145e+02  3.278712e+01  2.745261e+01  9.594732e+01  9.115915e+00  4.369219e+00 
  651.000  4.560348e+02  3.512046e+01  2.958842e+01  1.034614e+02  9.767558e+00  4.709144e+00 
  652.000  4.408948e+02  3.365687e+01  2.858818e+01  1.000265e+02  9.254072e+00  4.549951e+00 
  653.000  4.582525e+02  3.484450e+01  2.970540e+01  1.039645e+02  9.716316e+00  4.727761e+00 
  654.000  4.518626e+02  3.411762e+01  2.927667e+01  1.025148e+02  9.500480e+00  4.659526e+00 
  655.000  4.375873e+02  3.278503e+01  2.833641e+01  9.927616e+01  9.084450e+00  4.509880e+00 
  656.000  3.727260e+02  2.775223e+01  2.412582e+01  8.456098e+01  7.705897e+00  3.839743e+00 
  657.000  3.995632e+02  2.957386e+01  2.585230e+01  9.064957e+01  8.237320e+00  4.114521e+00 
  658.000  4.478197e+02  3.293464e+01  2.896185e+01  1.015976e+02  9.208735e+00  4.609421e+00 
  659.000  4.508435e+02  3.298737e+01  2.914718e+01  1.022836e+02  9.262156e+00  4.638919e+00 
  660.000  4.555699e+02  3.313705e+01  2.944093e+01  1.033559e+02  9.323027e+00  4.685669e+00 
  661.000  4.600143e+02  3.330542e+01  2.971882e+01  1.043642e+02  9.419891e+00  4.729897e+00 
  662.000  4.680289e+02  3.369422e+01  3.022506e+01  1.061825e+02  9.553622e+00  4.810468e+00 
  663.000  4.631598e+02  3.312134e+01  2.989722e+01  1.050778e+02  9.389831e+00  4.758290e+00 
  664.000  4.564990e+02  3.244171e+01  2.945501e+01  1.035667e+02  9.205890e+00  4.687911e+00 
  665.000  4.592617e+02  3.243576e+01  2.962109e+01  1.041935e+02  9.213262e+00  4.714343e+00 
  666.000  4.654731e+02  3.267001e+01  3.000940e+01  1.056027e+02  9.287776e+00  4.776144e+00 
  667.000  4.570455e+02  3.188186e+01  2.945421e+01  1.036907e+02  9.073649e+00  4.687784e+00 
  668.000  4.605695e+02  3.193442e+01  2.966968e+01  1.044902e+02  9.100873e+00  4.722075e+00 
  669.000  4.678490e+02  3.223634e+01  3.012640e+01  1.061417e+02  9.193466e+00  4.794765e+00 
  670.000  4.628270e+02  3.168906e+01  2.979089e+01  1.050023e+02  9.042185e+00  4.741367e+00 
  671.000  4.585285e+02  3.119799e+01  2.950235e+01  1.040271e+02  8.907482e+00  4.695445e+00 
  672.000  4.575703e+02  3.093615e+01  2.942886e+01  1.038097e+02  8.836713e+00  4.683748e+00 
  673.000  4.613758e+02  3.099653e+01  2.966175e+01  1.046731e+02  8.857759e+00  4.720814e+00 
  674.000  4.627942e+02  3.089581e+01  2.974112e+01  1.049949e+02  8.832683e+00  4.733447e+00 
  675.000  4.562396e+02  3.026667e+01  2.930836e+01  1.035078e+02  8.656492e+00  4.664570e+00 
  676.000  4.653480e+02  3.067670e+01  2.988177e+01  1.055743e+02  8.777184e+00  4.755832e+00 
  677.000  4.565553e+02  2.990803e+01  2.930577e+01  1.035795e+02  8.560559e+00  4.664159e+00 
  678.000  4.645782e+02  3.024288e+01  2.980926e+01  1.053996e+02  8.659796e+00  4.744292e+00 
  679.000  4.583817e+02  2.965040e+01  2.940028e+01  1.039938e+02  8.491703e+00  4.679199e+00 
  680.000  4.548190e+02  2.922325e+01  2.915992e+01  1.031855e+02  8.363323e+00  4.640945e+00 
  681.000  4.553021e+02  2.905894e+01  2.917912e+01  1.032951e+02  8.310472e+00  4.644002e+00 
  682.000  4.547230e+02  2.883938e+01  2.913101e+01  1.031638e+02  8.249485e+00  4.636344e+00 
  683.000  4.578809e+02  2.885052e+01  2.932192e+01  1.038802e+02  8.249612e+00  4.666729e+00 
  684.000  4.495940e+02  2.813750e+01  2.877975e+01  1.020001e+02  8.037786e+00  4.580439e+00 
  685.000  4.553538e+02  2.833010e+01  2.913833e+01  1.033069e+02  8.102015e+00  4.637510e+00 
  686.000  4.335351e+02  2.675790e+01  2.772920e+01  9.835682e+01  7.622827e+00  4.413240e+00 
  687.000  3.392004e+02  2.059818e+01  2.167517e+01  7.695496e+01  5.459538e+00  3.449711e+00 
  688.000  3.683032e+02  2.232182e+01  2.353223e+01  8.355756e+01  6.048853e+00  3.745271e+00 
  689.000  3.609272e+02  2.173511e+01  2.305254e+01  8.188416e+01  5.859274e+00  3.668926e+00 
  690.000  3.780867e+02  2.560618e+01  1.169041e+02  8.577716e+01  6.950828e+00  1.860587e+01 
  691.000  4.000279e+02  2.696113e+01  1.236504e+02  9.075498e+01  7.394184e+00  1.967957e+01 
  692.000  4.094995e+02  2.746541e+01  1.265393e+02  9.290383e+01  7.577428e+00  2.013935e+01 
  693.000  4.055510e+02  2.699229e+01  1.252588e+02  9.200803e+01  7.391778e+00  1.993556e+01 
  694.000  4.008392e+02  2.647861e+01  1.237456e+02  9.093905e+01  7.194761e+00  1.969473e+01 
  695.000  4.025161e+02  2.645349e+01  1.242239e+02  9.131950e+01  7.231050e+00  1.977085e+01 
  696.000  4.124484e+02  2.696670e+01  1.272488e+02  9.357285e+01  7.401721e+00  2.025228e+01 
  697.000  4.351913e+02  2.850399e+01  1.342800e+02  9.873256e+01  7.995852e+00  2.137133e+01 
  698.000  4.227639e+02  2.745240e+01  1.303767e+02  9.591315e+01  7.660124e+00  2.075010e+01 
  699.000  4.111605e+02  2.638837e+01  1.267084e+02  9.328065e+01  7.232857e+00  2.016627e+01 
  700.000  4.096225e+02  2.614215e+01  1.261917e+02  9.293173e+01  7.183485e+00  2.008403e+01 
  701.000  3.963564e+02  2.512524e+01  1.220555e+02  8.992202e+01  6.881611e+00  1.942574e+01 
  702.000  3.976107e+02  2.506623e+01  1.224017e+02  9.020660e+01  6.883630e+00  1.948083e+01 
  703.000  4.193266e+02  2.639397e+01  1.290748e+02  9.513332e+01  7.357196e+00  2.054289e+01 
  704.000  4.213862e+02  2.637252e+01  1.296650e+02  9.560057e+01  7.357864e+00  2.063683e+01 
  705.000  4.180594e+02  2.594670e+01  1.285783e+02  9.484583e+01  7.192494e+00  2.046387e+01 
  706.000  4.150533e+02  2.561657e+01  1.276122e+02  9.416383e+01  7.110987e+00  2.031011e+01 
  707.000  4.112643e+02  2.525115e+01  1.264091e+02  9.330422e+01  7.026956e+00  2.011864e+01 
  708.000  4.259457e+02  2.602209e+01  1.308839e+02  9.663500e+01  7.261743e+00  2.083082e+01 
  709.000  4.160725e+02  2.532920e+01  1.278241e+02  9.439506e+01  7.110675e+00  2.034384e+01 
  710.000  4.202037e+02  2.536231e+01  1.290301e+02  9.533233e+01  7.076883e+00  2.053577e+01 
  711.000  4.217400e+02  2.536893e+01  1.294768e+02  9.568084e+01  7.123996e+00  2.060688e+01 
  712.000  4.207595e+02  2.523192e+01  1.291532e+02  9.545840e+01  7.128801e+00  2.055537e+01 
  713.000  4.152248e+02  2.469033e+01  1.273936e+02  9.420274e+01  6.941653e+00  2.027532e+01 
  714.000  4.210097e+02  2.486464e+01  1.291193e+02  9.551517e+01  6.979199e+00  2.054998e+01 
  715.000  4.001469e+02  2.342190e+01  1.226599e+02  9.078197e+01  6.527567e+00  1.952193e+01 
  716.000  4.039211e+02  2.344110e+01  1.237585e+02  9.163824e+01  6.486832e+00  1.969677e+01 
  717.000  3.527837e+02  2.018090e+01  1.080056e+02  8.003662e+01  5.400163e+00  1.718963e+01 
  718.000  3.267670e+02  1.834991e+01  9.994132e+01  7.413418e+01  4.775548e+00  1.590616e+01 
  719.000  3.145607e+02  1.745808e+01  9.614826e+01  7.136491e+01  4.488095e+00  1.530247e+01 
  720.000  3.045364e+02  1.667462e+01  9.301848e+01  6.909068e+01  4.211233e+00  1.480435e+01 
  721.000  3.603672e+02  2.017705e+01  1.102006e+02  8.175710e+01  5.446824e+00  1.753897e+01 
  722.000  3.869030e+02  2.160686e+01  1.182991e+02  8.777732e+01  5.929801e+00  1.882788e+01 
  723.000  3.740185e+02  2.073349e+01  1.143150e+02  8.485420e+01  5.639623e+00  1.819379e+01 
  724.000  3.426679e+02  1.869609e+01  1.046462e+02  7.774164e+01  4.937095e+00  1.665497e+01 
  725.000  3.437088e+02  1.868308e+01  1.049439e+02  7.797778e+01  4.957913e+00  1.670234e+01 
  726.000  3.416453e+02  1.845124e+01  1.042792e+02  7.750964e+01  4.890023e+00  1.659655e+01 
  727.000  3.514827e+02  1.891305e+01  1.072617e+02  7.974146e+01  5.038020e+00  1.707124e+01 
  728.000  3.405150e+02  1.817695e+01  1.038724e+02  7.725320e+01  4.818356e+00  1.653181e+01 
  729.000  3.391446e+02  1.809354e+01  1.034515e+02  7.694231e+01  4.858050e+00  1.646481e+01 
  730.000  3.496375e+02  1.853819e+01  1.066188e+02  7.932285e+01  4.971063e+00  1.696892e+01 
  731.000  3.414355e+02  1.798732e+01  1.040841e+02  7.746205e+01  4.814941e+00  1.656550e+01 
  732.000  3.694366e+02  1.946157e+01  1.126198e+02  8.381469e+01  5.306197e+00  1.792400e+01 
  733.000  3.847439e+02  2.022450e+01  1.172735e+02  8.728748e+01  5.608356e+00  1.866466e+01 
  734.000  4.031956e+02  2.114118e+01  1.228824e+02  9.147366e+01  5.921887e+00  1.955733e+01 
  735.000  3.964495e+02  2.064693e+01  1.207856e+02  8.994315e+01  5.764851e+00  1.922363e+01 
  736.000  3.825817e+02  1.978063e+01  1.165188e+02  8.679694e+01  5.491730e+00  1.854455e+01 
  737.000  3.927306e+02  2.021468e+01  1.195835e+02  8.909944e+01  5.638270e+00  1.903231e+01 
  738.000  3.986684e+02  2.045085e+01  1.213714e+02  9.044656e+01  5.743969e+00  1.931686e+01 
  739.000  3.887431e+02  1.985521e+01  1.183247e+02  8.819479e+01  5.595917e+00  1.883196e+01 
  740.000  3.990109e+02  2.034101e+01  1.214388e+02  9.052427e+01  5.780218e+00  1.932758e+01 
  741.000  3.996612e+02  2.031626e+01  1.216199e+02  9.067178e+01  5.804539e+00  1.935641e+01 
  742.000  3.947054e+02  1.997750e+01  1.200867e+02  8.954748e+01  5.721920e+00  1.911239e+01 
  743.000  4.095343e+02  2.066268e+01  1.245794e+02  9.291173e+01  5.946153e+00  1.982742e+01 
  744.000  4.150521e+02  2.086198e+01  1.262350e+02  9.416356e+01  6.021229e+00  2.009092e+01 
  745.000  4.055100e+02  2.029633e+01  1.233079e+02  9.199873e+01  5.871161e+00  1.962506e+01 
  746.000  4.121870e+02  2.053714e+01  1.253112e+02  9.351353e+01  5.951334e+00  1.994390e+01 
  747.000  4.189275e+02  2.075932e+01  1.273275e+02  9.504278e+01  6.018163e+00  2.026480e+01 
  748.000  4.120654e+02  2.032191e+01  1.252137e+02  9.348596e+01  5.899378e+00  1.992837e+01 
  749.000  4.127441e+02  2.025229e+01  1.253900e+02  9.363995e+01  5.884653e+00  1.995645e+01 
  750.000  4.064637e+02  1.982196e+01  1.234467e+02  9.221511e+01  5.756058e+00  1.964716e+01 
  751.000  4.056273e+02  1.967157e+01  1.231609e+02  9.202534e+01  5.713598e+00  1.960167e+01 
  752.000  4.127605e+02  1.992552e+01  1.253002e+02  9.364367e+01  5.796412e+00  1.994214e+01 
  753.000  4.092759e+02  1.965383e+01  1.242124e+02  9.285310e+01  5.720941e+00  1.976902e+01 
  754.000  4.160121e+02  1.987039e+01  1.262258e+02  9.438137e+01  5.786548e+00  2.008946e+01 
  755.000  4.138340e+02  1.965757e+01  1.255334e+02  9.388719e+01  5.725776e+00  1.997927e+01 
  756.000  4.059475e+02  1.917729e+01  1.231105e+02  9.209798e+01  5.587182e+00  1.959365e+01 
  757.000  4.090545e+02  1.921675e+01  1.240217e+02  9.280287e+01  5.599319e+00  1.973867e+01 
  758.000  4.072412e+02  1.899913e+01  1.234336e+02  9.239148e+01  5.525948e+00  1.964506e+01 
  759.000  3.462645e+02  1.573811e+01  1.048312e+02  7.855760e+01  4.380634e+00  1.668440e+01 
  760.000  6.850249e+01  2.974289e+00  2.069873e+01  1.554127e+01  5.277359e-01  3.294306e+00 
  761.000  5.359467e+01  2.385910e+00  1.621124e+01  1.215911e+01  3.997551e-01  2.580099e+00 
  762.000  1.713796e+02  7.342144e+00  5.175547e+01  3.888118e+01  1.705566e+00  8.237139e+00 
  763.000  1.303373e+02  5.531305e+00  3.934576e+01  2.956984e+01  1.189709e+00  6.262071e+00 
  764.000  1.525746e+02  6.463273e+00  4.605528e+01  3.461486e+01  1.449666e+00  7.329926e+00 
  765.000  2.094023e+02  8.810851e+00  6.319165e+01  4.750744e+01  2.127241e+00  1.005726e+01 
  766.000  2.741351e+02  1.177452e+01  8.279565e+01  6.219348e+01  3.139966e+00  1.317734e+01 
  767.000  3.203053e+02  1.391985e+01  9.678722e+01  7.266821e+01  3.850427e+00  1.540416e+01 
  768.000  3.629751e+02  1.574106e+01  1.096712e+02  8.234877e+01  4.430362e+00  1.745472e+01 
  769.000  3.819117e+02  1.659073e+01  1.154010e+02  8.664494e+01  4.748566e+00  1.836665e+01 
  770.000  3.903253e+02  1.696997e+01  1.179473e+02  8.855374e+01  4.908813e+00  1.877190e+01 
  771.000  3.954599e+02  1.717195e+01  1.194927e+02  8.971864e+01  4.999597e+00  1.901786e+01 
  772.000  3.951999e+02  1.708755e+01  1.193930e+02  8.965967e+01  4.983767e+00  1.900199e+01 
  773.000  3.941526e+02  1.695766e+01  1.190521e+02  8.942204e+01  4.949571e+00  1.894773e+01 
  774.000  3.990008e+02  1.708117e+01  1.204918e+02  9.052197e+01  4.989181e+00  1.917687e+01 
  775.000  3.845394e+02  1.638147e+01  1.161014e+02  8.724110e+01  4.788696e+00  1.847811e+01 
  776.000  4.007733e+02  1.698691e+01  1.209779e+02  9.092411e+01  4.968629e+00  1.925422e+01 
  777.000  3.981299e+02  1.678420e+01  1.201537e+02  9.032439e+01  4.909903e+00  1.912305e+01 
  778.000  3.960177e+02  1.660291e+01  1.194895e+02  8.984519e+01  4.856313e+00  1.901734e+01 
  779.000  3.973165e+02  1.656530e+01  1.198547e+02  9.013985e+01  4.844696e+00  1.907547e+01 
  780.000  3.924070e+02  1.627031e+01  1.183476e+02  8.902603e+01  4.757807e+00  1.883560e+01 
  781.000  3.921870e+02  1.618258e+01  1.182585e+02  8.897612e+01  4.736171e+00  1.882142e+01 
  782.000  3.969079e+02  1.628694e+01  1.196558e+02  9.004716e+01  4.765966e+00  1.904381e+01 
  783.000  3.876394e+02  1.581924e+01  1.168363e+02  8.794439e+01  4.628521e+00  1.859508e+01 
  784.000  3.896408e+02  1.580960e+01  1.174131e+02  8.839846e+01  4.623428e+00  1.868687e+01 
  785.000  3.896112e+02  1.569621e+01  1.173717e+02  8.839175e+01  4.578938e+00  1.868029e+01 
  786.000  3.810652e+02  1.522523e+01  1.147605e+02  8.645288e+01  4.422839e+00  1.826470e+01 
  787.000  3.830982e+02  1.516257e+01  1.153311e+02  8.691412e+01  4.374151e+00  1.835551e+01 
  788.000  3.753127e+02  1.474366e+01  1.129552e+02  8.514781e+01  4.237464e+00  1.797737e+01 
  789.000  3.700441e+02  1.437727e+01  1.113233e+02  8.395251e+01  4.084693e+00  1.771766e+01 
  790.000  3.656945e+02  1.412744e+01  1.099914e+02  8.296572e+01  4.010226e+00  1.750568e+01 
  791.000  3.652693e+02  1.404816e+01  1.098453e+02  8.286926e+01  3.995735e+00  1.748243e+01 
  792.000  3.608346e+02  1.381641e+01  1.084940e+02  8.186314e+01  3.937569e+00  1.726735e+01 
  793.000  3.635384e+02  1.387822e+01  1.092949e+02  8.247655e+01  3.974000e+00  1.739482e+01 
  794.000  3.661243e+02  1.399169e+01  1.100766e+02  8.306322e+01  4.052231e+00  1.751923e+01 
  795.000  3.603737e+02  1.364278e+01  1.083103e+02  8.175858e+01  3.923181e+00  1.723811e+01 
  796.000  3.562409e+02  1.331976e+01  1.070199e+02  8.082097e+01  3.771765e+00  1.703275e+01 
  797.000  3.614980e+02  1.346666e+01  1.085848e+02  8.201365e+01  3.828671e+00  1.728181e+01 
  798.000  3.683270e+02  1.371476e+01  1.106343e+02  8.356296e+01  3.938651e+00  1.760799e+01 
  799.000  3.665891e+02  1.356168e+01  1.100867e+02  8.316869e+01  3.885410e+00  1.752084e+01 
  800.000  3.524465e+02  1.292757e+01  1.058075e+02  7.996012e+01  3.677626e+00  1.683979e+01 
  801.000  3.596112e+02  1.312625e+01  1.079398e+02  8.158559e+01  3.737341e+00  1.717916e+01 
  802.000  3.584928e+02  1.301379e+01  1.075834e+02  8.133184e+01  3.703061e+00  1.712243e+01 
  803.000  3.540978e+02  1.279316e+01  1.062468e+02  8.033475e+01  3.644138e+00  1.690970e+01 
  804.000  3.595918e+02  1.294405e+01  1.078815e+02  8.158120e+01  3.699625e+00  1.716987e+01 
  805.000  3.539736e+02  1.272042e+01  1.061898e+02  8.030657e+01  3.661125e+00  1.690062e+01 
  806.000  3.661788e+02  1.312454e+01  1.098412e+02  8.307559e+01  3.794891e+00  1.748178e+01 
  807.000  3.641599e+02  1.298625e+01  1.092166e+02  8.261757e+01  3.755850e+00  1.738235e+01 
  808.000  3.605325e+02  1.277121e+01  1.081038e+02  8.179459e+01  3.684083e+00  1.720526e+01 
  809.000  3.527135e+02  1.240873e+01  1.057346e+02  8.002070e+01  3.568560e+00  1.682818e+01 
  810.000  3.492198e+02  1.220181e+01  1.046629e+02  7.922807e+01  3.497727e+00  1.665762e+01 
  811.000  3.507873e+02  1.215854e+01  1.051043e+02  7.958369e+01  3.464162e+00  1.672787e+01 
  812.000  3.441309e+02  1.183184e+01  1.030821e+02  7.807355e+01  3.346460e+00  1.640603e+01 
  813.000  3.359950e+02  1.146537e+01  1.006199e+02  7.622774e+01  3.217722e+00  1.601416e+01 
  814.000  3.267265e+02  1.107103e+01  9.782172e+01  7.412499e+01  3.079733e+00  1.556881e+01 
  815.000  3.123794e+02  1.051204e+01  9.350511e+01  7.087005e+01  2.894823e+00  1.488180e+01 
  816.000  2.961024e+02  9.886683e+00  8.861040e+01  6.717724e+01  2.689481e+00  1.410278e+01 
  817.000  2.985944e+02  9.918504e+00  8.934126e+01  6.774260e+01  2.698924e+00  1.421910e+01 
  818.000  2.978839e+02  9.847308e+00  8.911491e+01  6.758142e+01  2.682365e+00  1.418308e+01 
  819.000  2.942964e+02  9.691742e+00  8.803096e+01  6.676752e+01  2.652104e+00  1.401056e+01 
  820.000  3.032033e+02  9.955040e+00  9.068653e+01  6.878824e+01  2.760375e+00  1.443321e+01 
  821.000  3.308340e+02  1.084611e+01  9.894604e+01  7.505685e+01  3.060189e+00  1.574775e+01 
  822.000  3.085552e+02  1.003393e+01  9.225921e+01  7.000243e+01  2.792931e+00  1.468351e+01 
  823.000  2.772000e+02  8.895082e+00  8.284935e+01  6.288882e+01  2.394462e+00  1.318588e+01 
  824.000  3.117691e+02  1.003261e+01  9.318954e+01  7.073158e+01  2.779722e+00  1.483158e+01 
  825.000  3.314212e+02  1.065528e+01  9.906084e+01  7.519008e+01  3.011669e+00  1.576602e+01 
  826.000  3.301825e+02  1.055361e+01  9.867268e+01  7.490905e+01  2.972902e+00  1.570424e+01 
  827.000  3.265800e+02  1.037908e+01  9.757892e+01  7.409175e+01  2.915987e+00  1.553017e+01 
  828.000  3.127612e+02  9.870402e+00  9.342986e+01  7.095665e+01  2.739568e+00  1.486982e+01 
  829.000  3.173396e+02  9.969712e+00  9.478446e+01  7.199537e+01  2.778548e+00  1.508542e+01 
  830.000  3.175874e+02  9.936607e+00  9.484663e+01  7.205159e+01  2.783535e+00  1.509531e+01 
  831.000  3.132833e+02  9.756929e+00  9.354818e+01  7.107510e+01  2.737270e+00  1.488866e+01 
  832.000  3.203459e+02  9.931811e+00  9.564407e+01  7.267741e+01  2.789351e+00  1.522223e+01 
  833.000  3.133799e+02  9.676314e+00  9.355283e+01  7.109702e+01  2.726990e+00  1.488940e+01 
  834.000  3.215856e+02  9.893773e+00  9.599207e+01  7.295866e+01  2.800484e+00  1.527761e+01 
  835.000  3.290653e+02  1.011068e+01  9.822091e+01  7.465560e+01  2.889364e+00  1.563234e+01 
  836.000  3.307695e+02  1.010044e+01  9.871143e+01  7.504221e+01  2.877830e+00  1.571041e+01 
  837.000  3.278713e+02  9.962481e+00  9.783221e+01  7.438470e+01  2.838253e+00  1.557048e+01 
  838.000  3.323761e+02  1.007009e+01  9.916789e+01  7.540671e+01  2.883037e+00  1.578306e+01 
  839.000  3.239630e+02  9.781658e+00  9.664806e+01  7.349802e+01  2.809672e+00  1.538202e+01 
  840.000  3.333853e+02  1.002252e+01  9.944639e+01  7.563568e+01  2.882490e+00  1.582738e+01 
  841.000  3.322319e+02  9.922647e+00  9.908347e+01  7.537402e+01  2.844106e+00  1.576962e+01 
  842.000  3.320410e+02  9.882873e+00  9.901665e+01  7.533070e+01  2.841735e+00  1.575899e+01 
  843.000  3.341133e+02  9.938585e+00  9.963289e+01  7.580083e+01  2.881336e+00  1.585707e+01 
  844.000  3.305346e+02  9.807587e+00  9.855861e+01  7.498893e+01  2.855254e+00  1.568609e+01 
  845.000  3.362608e+02  9.928263e+00  1.002518e+02  7.628804e+01  2.892457e+00  1.595557e+01 
  846.000  3.401733e+02  1.001091e+01  1.014087e+02  7.717569e+01  2.923752e+00  1.613970e+01 
  847.000  3.294413e+02  9.665250e+00  9.820079e+01  7.474090e+01  2.830509e+00  1.562914e+01 
  848.000  3.376105e+02  9.826590e+00  1.006132e+02  7.659426e+01  2.865007e+00  1.601309e+01 
  849.000  3.383681e+02  9.803228e+00  1.008258e+02  7.676614e+01  2.859496e+00  1.604693e+01 
  850.000  2.921626e+02  8.423470e+00  8.704577e+01  6.628342e+01  2.455618e+00  1.385376e+01 
  851.000  3.337879e+02  9.564057e+00  9.943019e+01  7.572701e+01  2.782052e+00  1.582481e+01 
  852.000  3.212527e+02  9.161254e+00  9.568353e+01  7.288314e+01  2.665527e+00  1.522851e+01 
  853.000  3.263011e+02  9.269382e+00  9.717679e+01  7.402848e+01  2.703535e+00  1.546617e+01 
  854.000  2.624750e+02  7.428209e+00  7.816042e+01  5.954814e+01  2.168975e+00  1.243962e+01 
  855.000  2.893804e+02  8.151316e+00  8.616127e+01  6.565222e+01  2.382081e+00  1.371299e+01 
  856.000  3.299686e+02  9.279178e+00  9.824168e+01  7.486053e+01  2.724469e+00  1.563565e+01 
  857.000  3.358860e+02  9.412186e+00  9.999380e+01  7.620301e+01  2.768848e+00  1.591451e+01 
  858.000  3.309141e+02  9.234978e+00  9.850269e+01  7.507504e+01  2.719729e+00  1.567719e+01 
  859.000  3.315722e+02  9.222258e+00  9.868959e+01  7.522434e+01  2.721791e+00  1.570694e+01 
  860.000  3.289435e+02  9.110930e+00  9.789609e+01  7.462794e+01  2.691464e+00  1.558065e+01 
  861.000  3.290082e+02  9.070138e+00  9.790302e+01  7.464263e+01  2.680032e+00  1.558175e+01 
  862.000  3.282422e+02  9.010823e+00  9.766403e+01  7.446886e+01  2.664814e+00  1.554371e+01 
  863.000  3.345786e+02  9.141098e+00  9.953670e+01  7.590640e+01  2.703600e+00  1.584176e+01 
  864.000  3.341346e+02  9.088775e+00  9.939294e+01  7.580566e+01  2.689706e+00  1.581888e+01 
  865.000  3.280936e+02  8.884532e+00  9.758443e+01  7.443514e+01  2.630519e+00  1.553104e+01 
  866.000  2.752611e+02  7.418658e+00  8.186034e+01  6.244895e+01  2.196753e+00  1.302848e+01 
  867.000  2.931135e+02  7.861269e+00  8.715831e+01  6.649914e+01  2.327547e+00  1.387168e+01 
  868.000  3.179358e+02  8.486503e+00  9.452760e+01  7.213062e+01  2.512810e+00  1.504453e+01 
  869.000  3.135492e+02  8.330241e+00  9.321205e+01  7.113543e+01  2.466906e+00  1.483516e+01 
  870.000  3.264623e+02  8.630982e+00  9.703861e+01  7.406506e+01  2.555593e+00  1.544417e+01 
  871.000  3.260733e+02  8.580402e+00  9.691132e+01  7.397680e+01  2.540968e+00  1.542391e+01 
  872.000  3.249122e+02  8.511329e+00  9.655505e+01  7.371336e+01  2.521445e+00  1.536721e+01 
  873.000  3.261056e+02  8.499462e+00  9.689720e+01  7.398412e+01  2.516892e+00  1.542167e+01 
  874.000  3.189091e+02  8.271034e+00  9.474707e+01  7.235145e+01  2.448679e+00  1.507946e+01 
  875.000  3.159793e+02  8.155742e+00  9.386523e+01  7.168674e+01  2.414375e+00  1.493911e+01 
  876.000  3.184059e+02  8.175374e+00  9.457364e+01  7.223727e+01  2.418487e+00  1.505186e+01 
  877.000  3.247703e+02  8.298987e+00  9.645247e+01  7.368118e+01  2.454937e+00  1.535089e+01 
  878.000  3.188561e+02  8.102008e+00  9.468276e+01  7.233942e+01  2.393597e+00  1.506923e+01 
  879.000  3.195849e+02  8.081599e+00  9.488789e+01  7.250475e+01  2.387322e+00  1.510188e+01 
  880.000  3.174477e+02  7.983185e+00  9.424048e+01  7.201987e+01  2.355498e+00  1.499884e+01 
  881.000  3.007555e+02  7.523855e+00  8.927364e+01  6.823290e+01  2.218304e+00  1.420834e+01 
  882.000  3.172858e+02  7.897198e+00  9.416870e+01  7.198315e+01  2.327157e+00  1.498741e+01 
  883.000  3.101722e+02  7.686641e+00  9.204773e+01  7.036928e+01  2.266292e+00  1.464985e+01 
  884.000  3.129147e+02  7.719772e+00  9.285151e+01  7.099147e+01  2.276714e+00  1.477778e+01 
  885.000  3.154745e+02  7.733015e+00  9.359662e+01  7.157222e+01  2.274899e+00  1.489636e+01 
  886.000  3.042141e+02  7.404312e+00  9.024059e+01  6.901756e+01  2.170570e+00  1.436224e+01 
  887.000  3.019311e+02  7.328565e+00  8.955751e+01  6.849960e+01  2.154443e+00  1.425352e+01 
  888.000  3.109452e+02  7.511240e+00  9.222079e+01  7.054465e+01  2.207760e+00  1.467739e+01 
  889.000  3.131947e+02  7.533746e+00  9.287872e+01  7.105499e+01  2.215851e+00  1.478211e+01 
  890.000  3.116588e+02  7.451482e+00  9.241012e+01  7.070654e+01  2.187178e+00  1.470753e+01 
  891.000  3.087237e+02  7.325427e+00  9.152365e+01  7.004065e+01  2.140856e+00  1.456644e+01 
  892.000  3.049603e+02  7.179192e+00  9.039147e+01  6.918685e+01  2.085110e+00  1.438625e+01 
  893.000  2.843363e+02  6.602116e+00  8.425192e+01  6.450784e+01  1.881754e+00  1.340911e+01 
  894.000  2.890388e+02  6.660944e+00  8.563075e+01  6.557472e+01  1.883537e+00  1.362856e+01 
  895.000  2.606304e+02  5.959614e+00  7.720096e+01  5.912966e+01  1.655746e+00  1.228691e+01 
  896.000  2.563988e+02  5.825662e+00  7.593674e+01  5.816962e+01  1.596188e+00  1.208571e+01 
  897.000  2.358544e+02  5.306949e+00  6.983714e+01  5.350867e+01  1.429610e+00  1.111493e+01 
  898.000  2.295336e+02  5.118764e+00  6.795222e+01  5.207467e+01  1.365587e+00  1.081493e+01 
  899.000  2.112567e+02  4.613111e+00  6.251305e+01  4.792816e+01  1.191893e+00  9.949261e+00 
  900.000  2.083947e+02  4.540373e+00  6.166320e+01  4.727885e+01  1.178477e+00  9.814002e+00 
